#FORBEARANCE
dimwishlist:item=613334176&perks=3525010810,2822142346,2010801679,2610012052
dimwishlist:item=613334176&perks=3525010810,2822142346,2010801679,4049631843
dimwishlist:item=613334176&perks=3525010810,2822142346,2010801679,2396489472
dimwishlist:item=613334176&perks=3525010810,2822142346,3108830275,2610012052
dimwishlist:item=613334176&perks=3525010810,2822142346,3108830275,4049631843
dimwishlist:item=613334176&perks=3525010810,2822142346,3108830275,2396489472
dimwishlist:item=613334176&perks=3525010810,2822142346,3436462433,2610012052
dimwishlist:item=613334176&perks=3525010810,2822142346,3436462433,4049631843
dimwishlist:item=613334176&perks=3525010810,2822142346,3436462433,2396489472
dimwishlist:item=613334176&perks=3525010810,3492396210,2010801679,2610012052
dimwishlist:item=613334176&perks=3525010810,3492396210,2010801679,4049631843
dimwishlist:item=613334176&perks=3525010810,3492396210,2010801679,2396489472
dimwishlist:item=613334176&perks=3525010810,3492396210,3108830275,2610012052
dimwishlist:item=613334176&perks=3525010810,3492396210,3108830275,4049631843
dimwishlist:item=613334176&perks=3525010810,3492396210,3108830275,2396489472
dimwishlist:item=613334176&perks=3525010810,3492396210,3436462433,2610012052
dimwishlist:item=613334176&perks=3525010810,3492396210,3436462433,4049631843
dimwishlist:item=613334176&perks=3525010810,3492396210,3436462433,2396489472
dimwishlist:item=613334176&perks=1441682018,2822142346,2010801679,2610012052
dimwishlist:item=613334176&perks=1441682018,2822142346,2010801679,4049631843
dimwishlist:item=613334176&perks=1441682018,2822142346,2010801679,2396489472
dimwishlist:item=613334176&perks=1441682018,2822142346,3108830275,2610012052
dimwishlist:item=613334176&perks=1441682018,2822142346,3108830275,4049631843
dimwishlist:item=613334176&perks=1441682018,2822142346,3108830275,2396489472
dimwishlist:item=613334176&perks=1441682018,2822142346,3436462433,2610012052
dimwishlist:item=613334176&perks=1441682018,2822142346,3436462433,4049631843
dimwishlist:item=613334176&perks=1441682018,2822142346,3436462433,2396489472
dimwishlist:item=613334176&perks=1441682018,3492396210,2010801679,2610012052
dimwishlist:item=613334176&perks=1441682018,3492396210,2010801679,4049631843
dimwishlist:item=613334176&perks=1441682018,3492396210,2010801679,2396489472
dimwishlist:item=613334176&perks=1441682018,3492396210,3108830275,2610012052
dimwishlist:item=613334176&perks=1441682018,3492396210,3108830275,4049631843
dimwishlist:item=613334176&perks=1441682018,3492396210,3108830275,2396489472
dimwishlist:item=613334176&perks=1441682018,3492396210,3436462433,2610012052
dimwishlist:item=613334176&perks=1441682018,3492396210,3436462433,4049631843
dimwishlist:item=613334176&perks=1441682018,3492396210,3436462433,2396489472
dimwishlist:item=613334176&perks=3798852852,2822142346,2010801679,2610012052
dimwishlist:item=613334176&perks=3798852852,2822142346,2010801679,4049631843
dimwishlist:item=613334176&perks=3798852852,2822142346,2010801679,2396489472
dimwishlist:item=613334176&perks=3798852852,2822142346,3108830275,2610012052
dimwishlist:item=613334176&perks=3798852852,2822142346,3108830275,4049631843
dimwishlist:item=613334176&perks=3798852852,2822142346,3108830275,2396489472
dimwishlist:item=613334176&perks=3798852852,2822142346,3436462433,2610012052
dimwishlist:item=613334176&perks=3798852852,2822142346,3436462433,4049631843
dimwishlist:item=613334176&perks=3798852852,2822142346,3436462433,2396489472
dimwishlist:item=613334176&perks=3798852852,3492396210,2010801679,2610012052
dimwishlist:item=613334176&perks=3798852852,3492396210,2010801679,4049631843
dimwishlist:item=613334176&perks=3798852852,3492396210,2010801679,2396489472
dimwishlist:item=613334176&perks=3798852852,3492396210,3108830275,2610012052
dimwishlist:item=613334176&perks=3798852852,3492396210,3108830275,4049631843
dimwishlist:item=613334176&perks=3798852852,3492396210,3108830275,2396489472
dimwishlist:item=613334176&perks=3798852852,3492396210,3436462433,2610012052
dimwishlist:item=613334176&perks=3798852852,3492396210,3436462433,4049631843
dimwishlist:item=613334176&perks=3798852852,3492396210,3436462433,2396489472
dimwishlist:item=613334176&perks=981914802,2822142346,2010801679,2610012052
dimwishlist:item=613334176&perks=981914802,2822142346,2010801679,4049631843
dimwishlist:item=613334176&perks=981914802,2822142346,2010801679,2396489472
dimwishlist:item=613334176&perks=981914802,2822142346,3108830275,2610012052
dimwishlist:item=613334176&perks=981914802,2822142346,3108830275,4049631843
dimwishlist:item=613334176&perks=981914802,2822142346,3108830275,2396489472
dimwishlist:item=613334176&perks=981914802,2822142346,3436462433,2610012052
dimwishlist:item=613334176&perks=981914802,2822142346,3436462433,4049631843
dimwishlist:item=613334176&perks=981914802,2822142346,3436462433,2396489472
dimwishlist:item=613334176&perks=981914802,3492396210,2010801679,2610012052
dimwishlist:item=613334176&perks=981914802,3492396210,2010801679,4049631843
dimwishlist:item=613334176&perks=981914802,3492396210,2010801679,2396489472
dimwishlist:item=613334176&perks=981914802,3492396210,3108830275,2610012052
dimwishlist:item=613334176&perks=981914802,3492396210,3108830275,4049631843
dimwishlist:item=613334176&perks=981914802,3492396210,3108830275,2396489472
dimwishlist:item=613334176&perks=981914802,3492396210,3436462433,2610012052
dimwishlist:item=613334176&perks=981914802,3492396210,3436462433,4049631843
dimwishlist:item=613334176&perks=981914802,3492396210,3436462433,2396489472
